0.000000 0.000017
0.276243 0.000017
0.552486 0.000017
0.828729 0.000017
1.104972 0.000017
1.381215 0.000017
1.657459 0.000017
1.933702 0.000017
2.209945 0.000017
2.486188 0.000018
2.762431 0.000018
3.038674 0.000018
3.314917 0.000018
3.591160 0.000018
3.867403 0.000018
4.143646 0.000018
4.419890 0.000018
4.696133 0.000018
4.972376 0.000018
5.248619 0.000018
5.524862 0.000018
5.801105 0.000018
6.077348 0.000018
6.353591 0.000018
6.629834 0.000019
6.906077 0.000019
7.182320 0.000019
7.458564 0.000019
7.734807 0.000019
8.011050 0.000019
8.287293 0.000019
8.563536 0.000019
8.839779 0.000020
9.116022 0.000020
9.392265 0.000020
9.668508 0.000020
9.944751 0.000020
10.220994 0.000021
10.497238 0.000021
10.773481 0.000021
11.049724 0.000021
11.325967 0.000021
11.602210 0.000022
11.878453 0.000022
12.154696 0.000022
12.430939 0.000022
12.707182 0.000023
12.983425 0.000023
13.259669 0.000023
13.535912 0.000024
13.812155 0.000024
14.088398 0.000024
14.364641 0.000025
14.640884 0.000025
14.917127 0.000025
15.193370 0.000026
15.469613 0.000026
15.745856 0.000027
16.022099 0.000027
16.298343 0.000028
16.574586 0.000028
16.850829 0.000029
17.127072 0.000029
17.403315 0.000030
17.679558 0.000031
17.955801 0.000031
18.232044 0.000032
18.508287 0.000033
18.784530 0.000034
19.060773 0.000035
19.337017 0.000036
19.613260 0.000037
19.889503 0.000038
20.165746 0.000039
20.441989 0.000040
20.718232 0.000042
20.994475 0.000043
21.270718 0.000045
21.546961 0.000047
21.823204 0.000049
22.099448 0.000051
22.375691 0.000053
22.651934 0.000056
22.928177 0.000060
23.204420 0.000064
23.480663 0.000069
23.756906 0.000075
24.033149 0.000083
24.309392 0.000094
24.585635 0.000114
24.861878 0.000174
